{
 "cells": [
  {
   "cell_type": "code",
   "execution_count": 142,
   "metadata": {
    "pycharm": {
     "is_executing": true,
     "name": "#%%\n"
    }
   },
   "outputs": [],
   "source": [
    "import os\n",
    "import math\n",
    "from mpl_toolkits.mplot3d import Axes3D\n",
    "import numpy as np\n",
    "import matplotlib.pyplot as plt\n",
    "\n",
    "from collections import defaultdict\n",
    "\n",
    "#import torch\n",
    "#from torch.utils.data import DataLoader, TensorDataset\n",
    "#from model import FeedForward"
   ]
  },
  {
   "cell_type": "code",
   "execution_count": 128,
   "metadata": {
    "pycharm": {
     "is_executing": false,
     "name": "#%%\n"
    }
   },
   "outputs": [],
   "source": [
    "# takes angle in degrees, return in radians or degrees\n",
    "def wrap_angle(angle, radians=True):\n",
    "    wrapped_angle = (angle + 180) % 360 - 180\n",
    "    if radians:\n",
    "        wrapped_angle = np.deg2rad(wrapped_angle)\n",
    "    return wrapped_angle\n",
    "\n",
    "#still have to feed in direction vector #m_ee\n",
    "\n",
    "#check github, c should be mass matrix\n",
    "def get_ee_effective_mass(C, direction):\n",
    "    x_mass = mass_matrix[0][0]\n",
    "    y_mass = mass_matrix[1][1]\n",
    "    return np.dot(np.abs(direction), [x_mass, y_mass])#pops out scalar\n",
    "\n",
    "def get_forward_prediction(start_pose, control_params, object_params, robot_params, apply_correction=False, **kwargs):\n",
    "    start_x, start_y, start_theta = start_pose\n",
    "    xy_vel = np.array(control_params['ee_vel'])\n",
    "    m_obj = object_params['mass']\n",
    "    mu = object_params['mu']\n",
    "    size = object_params['size']\n",
    "    g = -9.81\n",
    "    \n",
    "    contour_pt = control_params['contour_pt'][:2]\n",
    "    \n",
    "    # treat object as point mass for translation\n",
    "    m_ee = get_ee_effective_mass(robot_params['inertia'], xy_vel / np.linalg.norm(xy_vel))\n",
    "    v0 = m_ee * xy_vel / (m_ee + m_obj)\n",
    "    D = -0.5 * v0**2 / (mu * g)\n",
    "    \n",
    "    predicted_x = start_x + np.sign(v0[0]) * D[0]\n",
    "    predicted_y = start_y + np.sign(v0[1]) * D[1]\n",
    "    unit_p = np.array([predicted_x, predicted_y])/np.linalg.norm(np.array([predicted_x, predicted_y]))\n",
    "    \n",
    "    if apply_correction:\n",
    "        assert 'error_model' in kwargs\n",
    "        total_displacement = np.linalg.norm([predicted_x, predicted_y])-np.linalg.norm([start_x, start_y])\n",
    "        error = kwargs['error_model'].predict(np.array([[total_displacement]]))[0][0]\n",
    "        if error >= 0:\n",
    "            mag_p = np.linalg.norm([predicted_x, predicted_y]) + error\n",
    "        else:\n",
    "            mag_p = np.linalg.norm([predicted_x, predicted_y]) - error\n",
    "        predicted_x = mag_p*unit_p[0]\n",
    "        predicted_y = mag_p*unit_p[1]\n",
    "    \n",
    "    # treat object as disc for rotation\n",
    "    # current setup assumes cubical object\n",
    "    r1 = np.array([[size[0]/2, 0], [-size[0]/2, 0], [0, size[0]/2], [0, -size[0]/2]])\n",
    "    rot_mat = np.array([[np.cos(start_theta), -np.sin(start_theta)], [np.sin(start_theta), np.cos(start_theta)]])\n",
    "    r1 = np.matmul(rot_mat, r1.transpose())    \n",
    "    \n",
    "    aa = np.array([start_x + r1[0], start_y + r1[1]])\n",
    "    dist1 = np.linalg.norm(contour_pt - aa.transpose(), axis=1)\n",
    "    \n",
    "    dist1[np.argmin(dist1)] = np.inf\n",
    "    second_min = aa[:, np.argmin(dist1)]\n",
    "    \n",
    "    u = np.array([contour_pt[0]-start_x, contour_pt[1]-start_y])\n",
    "    v = np.array([second_min[0] - start_x, second_min[1]-start_y])\n",
    "    v_norm = np.linalg.norm(v)\n",
    "    r = (np.dot(np.squeeze(u), np.squeeze(v))/v_norm**2)*v\n",
    "    \n",
    "    omega = np.linalg.norm(v0) / np.linalg.norm(r)\n",
    "    del_theta = 3*np.linalg.norm(r)*omega**2/(4*mu*g)\n",
    "    predicted_theta = start_pose[2] + del_theta  # wrap\n",
    "    predicted_theta = wrap_angle(np.rad2deg(predicted_theta))\n",
    "    \n",
    "    return predicted_x, predicted_y, predicted_theta\n",
    "\n",
    "def calculate_error(predicted_pose, target_pose, separate_positional_error=False):\n",
    "    angle_diff = np.rad2deg(target_pose[2] - predicted_pose[2])\n",
    "    angular_error = wrap_angle(angle_diff)\n",
    "    if separate_positional_error:\n",
    "        error = [abs(target_pose[0] - predicted_pose[0]),\n",
    "                 abs(target_pose[1] - predicted_pose[1]),\n",
    "                 angular_error]\n",
    "    else:\n",
    "        error = [np.linalg.norm(target_pose[:2]) - np.linalg.norm(predicted_pose[:2]),\n",
    "                 # np.array(target_pose[:2]) - np.array(predicted_pose[:2]),\n",
    "                 # np.linalg.norm(target_pose[:2] - predicted_pose[:2]),\n",
    "                 angular_error]\n",
    "    \n",
    "    return error\n",
    "\n",
    "def evaluate_model(model_type, start_poses, end_poses, contour_pts, ee_vels, **kwargs):\n",
    "    displacements = []\n",
    "    errors = []\n",
    "    predictions = []\n",
    "    \n",
    "    if 'analytical' in model_type:\n",
    "        if 'inertia_matrices' in kwargs:\n",
    "            inertia_matrices = kwargs['inertia_matrices']\n",
    "        assert(len(inertia_matrices) != 0)\n",
    "\n",
    "        for idx, start_pose in enumerate(start_poses):\n",
    "            end_pose = end_poses[idx]\n",
    "\n",
    "            control_params = {'ee_vel': ee_vels[idx], 'contour_pt': contour_pts[idx]}\n",
    "            robot_params = {'inertia': inertia_matrices[idx]}\n",
    "\n",
    "            if 'with_correction' in model_type:\n",
    "                predicted_pose = get_forward_prediction(start_pose, control_params, object_params, robot_params,\n",
    "                                                        apply_correction=True,\n",
    "                                                        error_model=kwargs['error_model'])\n",
    "            else:\n",
    "                predicted_pose = get_forward_prediction(start_pose, control_params, object_params, robot_params)\n",
    "            \n",
    "            errors.append(calculate_error(predicted_pose, end_pose, separate_positional_error=False)[0])\n",
    "            displacements.append(calculate_error(start_pose, end_pose, separate_positional_error=False)[0])\n",
    "            print(displacements)\n",
    "            predictions.append(predicted_pose)\n",
    "    elif model_type == 'learning':\n",
    "        model_name = \"position_model.pt\"\n",
    "        model = FeedForward(8, 2)\n",
    "        model.load_state_dict(torch.load(\"models/\" + model_name))\n",
    "        model.train(False)\n",
    "\n",
    "        inputs = np.concatenate([start_poses, contour_pts, ee_vels], axis=1)\n",
    "        test_dataset = TensorDataset(torch.tensor(inputs), torch.tensor(end_poses))\n",
    "        test_loader = DataLoader(test_dataset, batch_size=128, num_workers=32, shuffle=False)\n",
    "\n",
    "        for i, data in enumerate(test_loader):\n",
    "            X, y = data\n",
    "            pred = model(X).detach().numpy()\n",
    "            predictions.append(pred)\n",
    "            for j in range(pred.shape[0]):\n",
    "                disp = np.linalg.norm(y[j, :2]) - np.linalg.norm(X[j, :2])  # np.linalg.norm(np.array(X[j, :2]) - np.array(y[j, :2]))\n",
    "                err = np.linalg.norm(y[j, :2]) - np.linalg.norm(pred[j, :]) # np.linalg.norm(np.array(pred[j, :]) - np.array(y[j, :2]))\n",
    "                displacements.append(disp)\n",
    "                errors.append(err)\n",
    "        predictions = np.concatenate(predictions, axis=0)\n",
    "                \n",
    "    return np.array(displacements), np.array(errors), np.array(predictions)\n",
    "\n",
    "def plot_pose_distributions(start, end, predicted):\n",
    "    fig, ax = plt.subplots(3, 2)\n",
    "    ax[0, 0].hist(start[:, 0])\n",
    "    ax[0, 1].hist(start[:, 1])\n",
    "    ax[1, 0].hist(end[:, 0])\n",
    "    ax[1, 1].hist(end[:, 1])\n",
    "    ax[2, 0].hist(predicted[:, 0])\n",
    "    ax[2, 1].hist(predicted[:, 1])\n",
    "\n",
    "    plt.setp(ax[:, 0], xlim=[0.25, 1])\n",
    "    plt.setp(ax[:, 1], xlim=[-0.375, 0.375])\n",
    "    cols = ['X', 'Y']\n",
    "    for a, col in zip(ax[0], cols):\n",
    "        a.set_title(col)\n",
    "    rows = ['Start', 'End', 'Predicted']\n",
    "    for a, row in zip(ax[:,0], rows):\n",
    "        a.set_ylabel(row, size='large')\n",
    "    fig.suptitle('Distribution of Poses over Table', fontsize=16)\n",
    "    fig.tight_layout()\n",
    "\n",
    "    plt.show()\n",
    "\n",
    "def plot_displacement_vs_l1_norm(displacements, errors):\n",
    "    bins = np.arange(-0.35, 0.35, 0.02) #what are bins?\n",
    "    inds = np.digitize(displacements, bins=bins) #digitize?\n",
    "    # create mapping from bins to list of values\n",
    "    bin_values = defaultdict(list)\n",
    "    for i in range(len(displacements)):\n",
    "        #appending bins to something here to create \n",
    "        bin_values[bins[inds[i] - 1]].append(errors[i])\n",
    "\n",
    "    # only plot bins with values\n",
    "    bins_plt = np.array([b for b in bins if bin_values[b]])\n",
    "    means = np.array([np.mean(bin_values[b]) for b in bins if bin_values[b]])\n",
    "    std = np.array([np.std(bin_values[b]) for b in bins if bin_values[b]])\n",
    "    \n",
    "    return bins_plt, means, std"
   ]
  },
  {
   "cell_type": "code",
   "execution_count": 129,
   "metadata": {
    "pycharm": {
     "is_executing": false,
     "name": "#%%\n"
    },
    "scrolled": true
   },
   "outputs": [
    {
     "name": "stdout",
     "output_type": "stream",
     "text": [
      "this is how many contour pts there are: 736 \n",
      "\n",
      "this is how many end effector velocities there are: 736 \n",
      "\n",
      "this is how many start poses there are: 736 \n",
      "\n",
      "this is how many end_poses there are: 736 \n",
      "\n",
      "begin contour points\n",
      " [[ 4.5461071e-01  5.9801925e-02  3.8852549e-01]\n",
      " [ 5.4615289e-01 -4.3136247e-02  3.8852659e-01]\n",
      " [ 5.0816959e-01 -1.9959509e-01  3.8852462e-01]\n",
      " ...\n",
      " [ 4.2976615e-01  1.4248034e-01  3.8817635e-01]\n",
      " [ 4.9884227e-01  1.0130956e-02  3.8822335e-01]\n",
      " [ 5.8564639e-01 -4.0135856e-04  3.8852549e-01]] end contour points\n",
      "\n",
      "begin vels\n",
      " [[ 0.29655653  0.04945967]\n",
      " [ 0.28678387 -0.08915688]\n",
      " [ 0.259044    0.15195933]\n",
      " ...\n",
      " [ 0.27203202 -0.12890506]\n",
      " [ 0.377016    0.13622819]\n",
      " [-0.00109267  0.5007364 ]] end ee vels\n",
      "\n",
      "begin start_poses\n",
      " [[ 4.94066566e-01  6.63710758e-02 -2.97673607e+00]\n",
      " [ 5.84367156e-01 -5.49554080e-02  1.27083826e+00]\n",
      " [ 5.42731941e-01 -1.79461077e-01 -2.61412477e+00]\n",
      " ...\n",
      " [ 4.57502902e-01  1.07401036e-01  2.70354414e+00]\n",
      " [ 5.89414120e-01  6.20466545e-02 -7.64868200e-01]\n",
      " [ 5.85751116e-01  3.95981334e-02 -2.57884222e-03]] end start_poses\n",
      "\n",
      "begin end_poses\n",
      " [[ 0.53366125  0.07223338 -2.985127  ]\n",
      " [ 0.6237466  -0.06572369  1.2765836 ]\n",
      " [ 0.5801695  -0.1614365  -2.636142  ]\n",
      " ...\n",
      " [ 0.48876095  0.08598492  2.5454626 ]\n",
      " [ 0.59896946  0.0416075   0.30262265]\n",
      " [ 0.58760726  0.13425514 -0.03030865]] end end_poses\n",
      "\n",
      "begin inertia_matrices\n",
      " [[[ 1.4879598e+01  6.3732350e-01 -1.8338575e+00 -2.1910332e-03\n",
      "    1.5846111e+00  8.0721378e-02]\n",
      "  [ 6.3732350e-01  4.0616589e+00 -3.4795734e-01 -5.5545837e-01\n",
      "    4.5651579e-03 -5.1046818e-01]\n",
      "  [-1.8338575e+00 -3.4795734e-01  5.0525942e+00  6.4833663e-02\n",
      "    7.1793640e-01  1.0026382e-01]\n",
      "  [-2.1910332e-03 -5.5545837e-01  6.4833663e-02  1.1540001e-01\n",
      "    1.8484907e-02  1.0294712e-01]\n",
      "  [ 1.5846111e+00  4.5651579e-03  7.1793640e-01  1.8484907e-02\n",
      "    3.6879265e-01  3.6568530e-02]\n",
      "  [ 8.0721378e-02 -5.1046818e-01  1.0026382e-01  1.0294712e-01\n",
      "    3.6568530e-02  1.0200526e-01]]\n",
      "\n",
      " [[ 1.1466597e+01 -6.0544962e-01 -2.2874668e+00  1.4586045e-01\n",
      "    1.0443021e+00  1.9585051e-01]\n",
      "  [-6.0544962e-01  3.9793093e+00 -2.5155538e-01 -5.9283525e-01\n",
      "   -1.6540430e-01 -5.4212981e-01]\n",
      "  [-2.2874668e+00 -2.5155538e-01  5.3431821e+00  1.0478816e-01\n",
      "    6.8339181e-01  1.3805373e-01]\n",
      "  [ 1.4586045e-01 -5.9283525e-01  1.0478816e-01  1.4360990e-01\n",
      "    3.8185313e-02  1.2757942e-01]\n",
      "  [ 1.0443021e+00 -1.6540430e-01  6.8339181e-01  3.8185313e-02\n",
      "    2.8596109e-01  5.1825482e-02]\n",
      "  [ 1.9585051e-01 -5.4212981e-01  1.3805373e-01  1.2757942e-01\n",
      "    5.1825482e-02  1.2342922e-01]]\n",
      "\n",
      " [[ 1.1615255e+01 -7.0573747e-01 -9.2053413e-01  8.2688980e-02\n",
      "    1.4566044e+00  1.4764623e-01]\n",
      "  [-7.0573747e-01  3.9624379e+00 -6.7032073e-03 -5.9936458e-01\n",
      "   -1.0552474e-01 -5.2393466e-01]\n",
      "  [-9.2053413e-01 -6.7032073e-03  4.9634395e+00  4.5115273e-02\n",
      "    7.8182054e-01  8.1391163e-02]\n",
      "  [ 8.2688980e-02 -5.9936458e-01  4.5115273e-02  1.1777380e-01\n",
      "    2.4249239e-02  9.9142104e-02]\n",
      "  [ 1.4566044e+00 -1.0552474e-01  7.8182054e-01  2.4249239e-02\n",
      "    3.7350494e-01  4.0414095e-02]\n",
      "  [ 1.4764623e-01 -5.2393466e-01  8.1391163e-02  9.9142104e-02\n",
      "    4.0414095e-02  9.3134031e-02]]\n",
      "\n",
      " ...\n",
      "\n",
      " [[ 1.4356813e+01  1.9633135e+00 -1.2982428e+00 -1.7785259e-01\n",
      "    1.7005776e+00 -9.3686491e-02]\n",
      "  [ 1.9633135e+00  4.3958621e+00 -4.1259527e-01 -5.9521145e-01\n",
      "    2.0250531e-01 -5.3498012e-01]\n",
      "  [-1.2982428e+00 -4.1259527e-01  4.9643221e+00  4.4239845e-02\n",
      "    7.6422477e-01  6.8862997e-02]\n",
      "  [-1.7785259e-01 -5.9521145e-01  4.4239845e-02  1.1054856e-01\n",
      "   -1.1266726e-02  9.6168086e-02]\n",
      "  [ 1.7005776e+00  2.0250531e-01  7.6422477e-01 -1.1266726e-02\n",
      "    4.0661135e-01  5.9143356e-03]\n",
      "  [-9.3686491e-02 -5.3498012e-01  6.8862997e-02  9.6168086e-02\n",
      "    5.9143356e-03  9.3258165e-02]]\n",
      "\n",
      " [[ 1.2131258e+01 -3.2373531e+00 -9.5861810e-01  4.3815792e-01\n",
      "    1.5138618e+00  4.8287463e-01]\n",
      "  [-3.2373531e+00  5.8988924e+00 -2.0579298e-01 -9.7781926e-01\n",
      "   -5.1836884e-01 -9.1422278e-01]\n",
      "  [-9.5861810e-01 -2.0579298e-01  4.6083217e+00  1.3465188e-01\n",
      "    5.9884971e-01  1.5748964e-01]\n",
      "  [ 4.3815792e-01 -9.7781926e-01  1.3465188e-01  1.8544567e-01\n",
      "    8.6345874e-02  1.6857328e-01]\n",
      "  [ 1.5138618e+00 -5.1836884e-01  5.9884971e-01  8.6345874e-02\n",
      "    3.2881641e-01  9.6760757e-02]\n",
      "  [ 4.8287463e-01 -9.1422278e-01  1.5748964e-01  1.6857328e-01\n",
      "    9.6760757e-02  1.6337429e-01]]\n",
      "\n",
      " [[ 9.9320936e+00 -2.3386083e+00 -1.1575664e+00  6.7907405e-01\n",
      "    1.8054024e+00  1.8291053e+00]\n",
      "  [-2.3386083e+00  5.5243530e+00  7.7822328e-02 -1.0536652e+00\n",
      "   -5.3424096e-01 -4.8542652e-01]\n",
      "  [-1.1575664e+00  7.7822328e-02  4.6434731e+00 -7.1155506e-01\n",
      "   -1.9625543e-01 -1.5988244e-01]\n",
      "  [ 6.7907405e-01 -1.0536652e+00 -7.1155506e-01  3.3216965e-01\n",
      "    1.4486603e-01  1.2909561e-01]\n",
      "  [ 1.8054024e+00 -5.3424096e-01 -1.9625543e-01  1.4486603e-01\n",
      "    3.4795669e-01  3.4593144e-01]\n",
      "  [ 1.8291053e+00 -4.8542652e-01 -1.5988244e-01  1.2909561e-01\n",
      "    3.4593144e-01  3.5501274e-01]]] end inertia_matrices\n",
      "\n",
      "(736, 3) (736, 2) (736, 3) (736, 3) (736, 6, 6)\n"
     ]
    }
   ],
   "source": [
    "contour_pts = np.load('data/test_contour_pt.npy')\n",
    "print('this is how many contour pts there are:',len(contour_pts),'\\n')\n",
    "ee_vels = np.load('data/test_ee_vel.npy')\n",
    "print('this is how many end effector velocities there are:',len(ee_vels),'\\n')\n",
    "start_poses = np.load('data/test_start_pose.npy')#pose of obj\n",
    "print('this is how many start poses there are:',len(start_poses),'\\n')\n",
    "end_poses = np.load('data/test_end_pose.npy')#pose of obj\n",
    "print('this is how many end_poses there are:',len(end_poses),'\\n')\n",
    "\n",
    "# for analytical model\n",
    "# 736 x 6 x 6 matrix, one inertia matreix for each trial\n",
    "inertia_matrices = np.load('data/test_inertia_matrix.npy')\n",
    "\n",
    "\n",
    "object_params = {'mass': 0.1, 'mu': 0.15, 'size': [0.1, 0.1, 0.1]}\n",
    "\n",
    "#listed out data\n",
    "print('begin contour points\\n',contour_pts,'end contour points\\n')\n",
    "print('begin vels\\n',ee_vels,'end ee vels\\n')\n",
    "print('begin start_poses\\n',start_poses,'end start_poses\\n') \n",
    "print('begin end_poses\\n',end_poses,'end end_poses\\n') \n",
    "print('begin inertia_matrices\\n',inertia_matrices,'end inertia_matrices\\n') \n",
    "print(contour_pts.shape, ee_vels.shape, start_poses.shape, end_poses.shape, inertia_matrices.shape)"
   ]
  },
  {
   "cell_type": "code",
   "execution_count": 131,
   "metadata": {},
   "outputs": [
    {
     "name": "stdout",
     "output_type": "stream",
     "text": [
      "These are the r_values: [0.03999898 0.04000028 0.03999918 0.03999997 0.02229684 0.04123076\n",
      " 0.07146578 0.04472436 0.04472261 0.04123121 0.04123489 0.03999992\n",
      " 0.20810474 0.04471958 0.24390048 0.04000001 0.03999921 0.04472443\n",
      " 0.04122873 0.04472097 0.04472141 0.04471716 0.04472153 0.0412301\n",
      " 0.04471955 0.04472164 0.18982866 0.04123108 0.15347798 0.04123116\n",
      " 0.04472131 0.03999629 0.22467743 0.04472144 0.04123104 0.04000062\n",
      " 0.04000012 0.04472323 0.04472133 0.24384092 0.04472136 0.04123048\n",
      " 0.04123414 0.16710712 0.04472155 0.04000061 0.0412312  0.03999926\n",
      " 0.04122927 0.10630595 0.04122959 0.16143514 0.04123107 0.04472135\n",
      " 0.2080057  0.2679158  0.04472216 0.04472128 0.0412311  0.13233337\n",
      " 0.07705867 0.04472125 0.04472184 0.0412312  0.04123207 0.0412322\n",
      " 0.04       0.1308527  0.04472186 0.04472485 0.17694421 0.04472072\n",
      " 0.08042195 0.04472364 0.04122925 0.04123103 0.04123438 0.04472137\n",
      " 0.04000076 0.04123114 0.04472123 0.04472247 0.04472343 0.13658315\n",
      " 0.21357675 0.044722   0.12671596 0.04123117 0.04000043 0.3739588\n",
      " 0.04000022 0.24106464 0.04122952 0.04123199 0.16772667 0.04123032\n",
      " 0.13514417 0.11342982 0.04123339 0.04123116 0.03999985 0.04000018\n",
      " 0.04123197 0.0400006  0.25984693 0.10743337 0.29710495 0.28276613\n",
      " 0.04472136 0.0447191  0.04471939 0.04123107 0.0447212  0.04123078\n",
      " 0.04000057 0.27181897 0.2599117  0.04123104 0.04123743 0.04472114\n",
      " 0.07210816 0.13050948 0.04472122 0.04472151 0.04123114 0.0447196\n",
      " 0.04123118 0.04123269 0.0412311  0.13753381 0.04000311 0.04472127\n",
      " 0.04123246 0.04472335 0.04472275 0.11160215 0.04123181 0.08777\n",
      " 0.03999939 0.04472217 0.041231   0.04472063 0.04472078 0.04472058\n",
      " 0.04123119 0.04123123 0.29504588 0.04123428 0.04123085 0.04471815\n",
      " 0.2000796  0.37348646 0.11231977 0.04123191 0.04123119 0.20019454\n",
      " 0.04471995 0.04472119 0.08935376 0.04472124 0.21546791 0.04123054\n",
      " 0.04472126 0.04123084 0.04472193 0.04122973 0.13859735 0.04472057\n",
      " 0.04123091 0.04325886 0.04123152 0.22885564 0.07471836 0.11410153\n",
      " 0.04472111 0.04123124 0.21996525 0.04472289 0.13034245 0.0412314\n",
      " 0.04472139 0.04000213 0.04123117 0.08391692 0.17559135 0.12392775\n",
      " 0.04472144 0.04123041 0.04123322 0.04123299 0.04472134 0.04472121\n",
      " 0.04472442 0.04472126 0.04472236 0.04471949 0.17026736 0.11576212\n",
      " 0.03999827 0.0412331  0.04000009 0.04472421 0.1018175  0.04000001\n",
      " 0.24512321 0.04123181 0.04472115 0.03999678 0.0447213  0.0447231\n",
      " 0.09941244 0.04000017 0.0412312  0.04123113 0.0399996  0.04000625\n",
      " 0.03999719 0.04       0.2037975  0.2595236  0.04472152 0.04472128\n",
      " 0.04471764 0.08867516 0.05014768 0.04472293 0.04472135 0.04472144\n",
      " 0.04471976 0.04123103 0.0447223  0.05177538 0.04472151 0.04472156\n",
      " 0.041231   0.27870083 0.2198823  0.04472053 0.21602523 0.04472239\n",
      " 0.0412331  0.04472148 0.04123232 0.04123113 0.0447244  0.04123092\n",
      " 0.04123095 0.0371286  0.04123067 0.04123111 0.03999991 0.04123118\n",
      " 0.04472136 0.04123156 0.04123105 0.04123103 0.04471958 0.22786768\n",
      " 0.0447211  0.04123054 0.04193182 0.04472161 0.1536171  0.16811794\n",
      " 0.23551266 0.04123124 0.04123073 0.04123116 0.07239221 0.04471892\n",
      " 0.04472126 0.04000015 0.04472116 0.2040115  0.04472134 0.11786244\n",
      " 0.04123107 0.04472144 0.14557356 0.04123109 0.04000113 0.04123104\n",
      " 0.04564669 0.04000231 0.04123102 0.03999982 0.04472429 0.04000038\n",
      " 0.04122704 0.13089578 0.04123128 0.03999986 0.04123092 0.04123096\n",
      " 0.04472099 0.040001   0.04123099 0.04472161 0.04472136 0.12522909\n",
      " 0.03999817 0.04471918 0.04123097 0.04122964 0.04472527 0.04123102\n",
      " 0.04472102 0.07339197 0.04471999 0.04472129 0.04123278 0.04123099\n",
      " 0.04123103 0.21217547 0.2149194  0.04123058 0.04000194 0.04123105\n",
      " 0.04122774 0.04472484 0.04000008 0.04123483 0.03999991 0.04123363\n",
      " 0.04122851 0.04472567 0.04472181 0.04472131 0.0447251  0.04472433\n",
      " 0.17723888 0.04472049 0.04472135 0.23385294 0.0447206  0.37236968\n",
      " 0.0447227  0.09882765 0.04472136 0.02862279 0.04123367 0.04123114\n",
      " 0.041229   0.04000017 0.04472048 0.03999984 0.03999988 0.04472134\n",
      " 0.04123115 0.14519423 0.03999967 0.0447177  0.04472149 0.0399996\n",
      " 0.35226524 0.04123126 0.04472122 0.0412347  0.04472135 0.0412339\n",
      " 0.04472136 0.04123108 0.05095194 0.04471804 0.17373815 0.04122723\n",
      " 0.04471937 0.04472167 0.0412325  0.04123107 0.04471994 0.04471945\n",
      " 0.04472266 0.04472142 0.04472497 0.04       0.04123018 0.04123233\n",
      " 0.04471919 0.15178251 0.0972159  0.04122965 0.37102738 0.04123117\n",
      " 0.04122815 0.04123313 0.04472044 0.0742541  0.04472008 0.11415426\n",
      " 0.04472045 0.08893164 0.04123082 0.04472073 0.25484672 0.04000182\n",
      " 0.04472136 0.04472284 0.04000007 0.04472105 0.04123118 0.04123222\n",
      " 0.04000004 0.04122615 0.04472131 0.04122927 0.30510935 0.04123103\n",
      " 0.04123107 0.04472005 0.11198778 0.04122807 0.04472178 0.04123068\n",
      " 0.0412321  0.04123106 0.25591218 0.041233   0.03999647 0.03999922\n",
      " 0.04472147 0.14546748 0.04472182 0.04123361 0.22081955 0.04472662\n",
      " 0.03999998 0.03999991 0.15714452 0.04472464 0.03999997 0.04472136\n",
      " 0.04123084 0.04472161 0.04000005 0.04472207 0.12544337 0.17488974\n",
      " 0.22566524 0.04000087 0.04123106 0.04123103 0.04472146 0.03999999\n",
      " 0.07094301 0.04000213 0.04000012 0.04000012 0.04472098 0.04\n",
      " 0.04472271 0.11633292 0.04123168 0.04123135 0.04123107 0.07926806\n",
      " 0.04123111 0.04471997 0.04123113 0.0399977  0.04123078 0.21528545\n",
      " 0.04123484 0.19986236 0.04472139 0.04472143 0.04123376 0.04471965\n",
      " 0.04471842 0.19565582 0.04472126 0.27401376 0.04472142 0.04000137\n",
      " 0.04123    0.04472137 0.04472135 0.04472177 0.04123035 0.04122804\n",
      " 0.04472151 0.041228   0.04123265 0.04123102 0.04123324 0.29502535\n",
      " 0.04472139 0.2249583  0.04123161 0.21708234 0.14813201 0.04000011\n",
      " 0.08251453 0.04123083 0.04123351 0.03999658 0.04472098 0.03999997\n",
      " 0.20758632 0.01047802 0.04472127 0.04123103 0.04123216 0.04472111\n",
      " 0.14962974 0.04123084 0.19819854 0.18580087 0.04472098 0.15652367\n",
      " 0.1641839  0.0412313  0.04123103 0.04123156 0.04471796 0.04123094\n",
      " 0.04123089 0.03999859 0.12742868 0.04123154 0.04000001 0.04122986\n",
      " 0.04472144 0.04123122 0.04123214 0.04122725 0.04472136 0.03999987\n",
      " 0.04472133 0.04260501 0.04123421 0.04472147 0.03999971 0.09979231\n",
      " 0.04123115 0.04472125 0.10352722 0.04472133 0.0447201  0.04000014\n",
      " 0.04000024 0.06672936 0.0400018  0.04123117 0.04472188 0.05103745\n",
      " 0.04123018 0.04472124 0.04472166 0.0412327  0.04000006 0.04123105\n",
      " 0.04000231 0.04123349 0.04123106 0.1197889  0.04472137 0.04472142\n",
      " 0.04123104 0.30358946 0.12963212 0.04472029 0.2831582  0.04123118\n",
      " 0.07737467 0.04472031 0.04472144 0.04000004 0.05072889 0.04472102\n",
      " 0.0447212  0.04122844 0.06021885 0.04471919 0.04472051 0.04471981\n",
      " 0.04471809 0.04000165 0.20203581 0.0528793  0.04123316 0.04472088\n",
      " 0.26150265 0.04123098 0.04       0.03999985 0.04472261 0.04000312\n",
      " 0.04123364 0.04472186 0.04122878 0.04472138 0.04123044 0.04471977\n",
      " 0.04471967 0.0447237  0.04000049 0.03999855 0.16883442 0.03999968\n",
      " 0.04472089 0.04472303 0.04472278 0.04123105 0.04472117 0.04472164\n",
      " 0.04472132 0.04472135 0.04000003 0.04472154 0.04123208 0.04123138\n",
      " 0.04472142 0.04472099 0.1577285  0.10558495 0.1845324  0.27616093\n",
      " 0.04123142 0.04123099 0.03999998 0.08023373 0.04472117 0.20194092\n",
      " 0.04123099 0.04471737 0.03999999 0.04472227 0.04123259 0.2096461\n",
      " 0.04472156 0.0400001  0.04471986 0.04472148 0.04122996 0.0399971\n",
      " 0.03999607 0.04472136 0.11829933 0.04471735 0.04123406 0.04472014\n",
      " 0.04471818 0.07013886 0.04472139 0.03999806 0.14693026 0.04472122\n",
      " 0.04472131 0.04472165 0.04472121 0.20078938 0.04472134 0.04472219\n",
      " 0.04123126 0.04123106 0.03999978 0.04123124 0.04472137 0.04122261\n",
      " 0.04000119 0.14915122 0.04123086 0.03999998 0.04123108 0.04471791\n",
      " 0.04472131 0.18907666 0.04122808 0.04       0.2644177  0.04123105\n",
      " 0.04123094 0.22691791 0.04471708 0.04472161 0.04123143 0.04471894\n",
      " 0.0744836  0.04472152 0.01452208 0.0412312  0.04472072 0.04123007\n",
      " 0.04472012 0.0399999  0.04472112 0.04472159 0.21261352 0.04472143\n",
      " 0.29153726 0.0447237  0.04472135 0.04122709 0.06811908 0.0486985\n",
      " 0.15111125 0.04123117 0.04472029 0.04123114 0.04123099 0.04472122\n",
      " 0.04123129 0.04472388 0.23284617 0.04472137 0.04123108 0.19928312\n",
      " 0.04472129 0.2318328  0.04472474 0.04123062 0.04472197 0.0400019\n",
      " 0.04000009 0.04472283 0.31791005 0.04471911 0.04472126 0.04472011\n",
      " 0.04123295 0.04123086 0.04123244 0.04123109 0.03999896 0.04472177\n",
      " 0.31296617 0.27103657 0.17855905 0.04472268 0.04472316 0.04471849\n",
      " 0.04123183 0.04472008 0.10439587 0.03999963] \n",
      "\n"
     ]
    }
   ],
   "source": [
    "#local contour points\n",
    "\n",
    "#new function to calculate local contour pts for all indices of lists\n",
    "#use start pose and local contour point for each of the 736 indiviual data points\n",
    "\n",
    "\n",
    "\n",
    "#local r - value\n",
    "r_value = np.array(contour_pts)-np.array(start_poses)\n",
    "#print('These are the local points hopefully for x,y,z', local_pts, '\\n')\n",
    "\n",
    "#calculates the magnitude of each row for x and y\n",
    "r_value = np.linalg.norm(r_value[:, :2], axis=1)\n",
    "\n",
    "#magnitude of x and y\n",
    "print('These are the r_values:', r_value, '\\n')\n",
    "\n",
    "### Calulating the r-value\n",
    "\n",
    "#r_value = np.array(local_pts)-np.array(start_poses)\n",
    "# r_val_x = []\n",
    "# r_val_y = []\n",
    "# for i in range(len(r_value)):\n",
    "#     temp_r_x = r_value[i][0]\n",
    "#     temp_r_y = r_value[i][1]\n",
    "#     r_val_x.append(temp_r_x)\n",
    "#     r_val_y.append(temp_r_y)\n",
    "#print('These are the r_values hopefully for x', r_val_x, '\\n')\n",
    "#print('Amount of r-values in x:', len(r_val_x), '\\n')\n",
    "#print('These are the r_values hopefully for y', r_val_y, '\\n')\n",
    "#print('Amount of r-values in y:', len(r_val_y), '\\n')\n",
    "\n",
    "## find absolute r-value \n",
    "# abs_r = []\n",
    "# for j in range(736):\n",
    "#     temp_r = np.dot(np.abs(r_val_x[j]),np.abs(r_val_y[j]))\n",
    "#     abs_r.append(temp_r)\n",
    "#print('Amount of r-values:', len(abs_r), '\\n')\n",
    "\n",
    "\n",
    "\n",
    "\n",
    "\n",
    "\n",
    "#new COM for contact/poking surface\n",
    "#distFromCOM =  np.array(local_pts)-np.array(start_poses)\n",
    "\n",
    "\n",
    "\n",
    "\n"
   ]
  },
  {
   "cell_type": "code",
   "execution_count": 132,
   "metadata": {},
   "outputs": [
    {
     "name": "stdout",
     "output_type": "stream",
     "text": [
      "(736, 3)\n",
      "(736, 3)\n"
     ]
    }
   ],
   "source": [
    "print(contour_pts.shape)\n",
    "print(start_poses.shape)"
   ]
  },
  {
   "cell_type": "code",
   "execution_count": 133,
   "metadata": {},
   "outputs": [
    {
     "name": "stdout",
     "output_type": "stream",
     "text": [
      "list of number of rotations: 736 \n",
      "\n",
